alignment_fit_rmse_m: 9.273789714024291
alt0: 32.264397
lat0: 52.5152425724754
lon0: 13.3233573239843
