alignment_fit_rmse_m: 5.662088199748069
alt0: 24.594088
lat0: 52.5152722877977
lon0: 13.3233627720514
